{
  "000000000026": {
    "extrin": {
      "rotation": [
        [
          1.0,
          -0.0,
          0.0
        ],
        [
          0.0,
          1.0,
          -0.0
        ],
        [
          -0.0,
          0.0,
          1.0
        ]
      ],
      "translation": [
        -0.0,
        -0.0,
        -0.0
      ]
    },
    "height": 540,
    "intrin": {
      "coeffs": [
        -0.10198994725942612,
        0.17987655103206635,
        0.017880627885460854,
        0.009532361291348934,
        -0.08633490651845932
      ],
      "cx": 480.0,
      "cy": 270.0,
      "fx": 446.27825927734375,
      "fy": 446.27825927734375
    },
    "type": "camera",
    "width": 960
  },
  "000000000027": {
    "extrin": {
      "rotation": [
        [
          0.5038185715675354,
          0.44801899790763855,
          -0.7385430335998535
        ],
        [
          -0.5160220861434937,
          0.841761589050293,
          0.15861454606056213
        ],
        [
          0.6927395462989807,
          0.3011915683746338,
          0.6552827954292297
        ]
      ],
      "translation": [
        -0.08928915113210678,
        -0.01879926025867462,
        0.022695114836096764
      ]
    },
    "height": 540,
    "intrin": {
      "coeffs": [
        -0.048832230269908905,
        0.24272677302360535,
        0.032071102410554886,
        -0.046952880918979645,
        -0.1119961142539978
      ],
      "cx": 480.0,
      "cy": 270.0,
      "fx": 426.9344787597656,
      "fy": 426.9344787597656
    },
    "type": "camera",
    "width": 960
  },
  "000000000028": {
    "extrin": {
      "rotation": [
        [
          -0.8712890148162842,
          0.2648846209049225,
          -0.4131483733654022
        ],
        [
          -0.27640241384506226,
          0.4307735860347748,
          0.8590900897979736
        ],
        [
          0.40553316473960876,
          0.8627110123634338,
          -0.3021135628223419
        ]
      ],
      "translation": [
        -0.06213473156094551,
        -0.12334949523210526,
        0.18626892566680908
      ]
    },
    "height": 540,
    "intrin": {
      "coeffs": [
        -0.25415658950805664,
        0.5254121422767639,
        0.029549485072493553,
        -0.0016699862899258733,
        -0.24247826635837555
      ],
      "cx": 480.0,
      "cy": 270.0,
      "fx": 465.5859680175781,
      "fy": 465.5859680175781
    },
    "type": "camera",
    "width": 960
  },
  "000000000029": {
    "extrin": {
      "rotation": [
        [
          -0.5624904036521912,
          -0.5414600968360901,
          0.6248403787612915
        ],
        [
          0.4368399977684021,
          0.44701066613197327,
          0.780610203742981
        ],
        [
          -0.7019795775413513,
          0.7120410203933716,
          -0.01490778848528862
        ]
      ],
      "translation": [
        0.1238483414053917,
        -0.10346950590610504,
        0.11676150560379028
      ]
    },
    "height": 540,
    "intrin": {
      "coeffs": [
        -0.13963373005390167,
        0.07118922472000122,
        -0.0030335881747305393,
        0.010185563005506992,
        -0.017104441300034523
      ],
      "cx": 480.0,
      "cy": 270.0,
      "fx": 421.6595458984375,
      "fy": 421.6595458984375
    },
    "type": "camera",
    "width": 960
  },
  "000000000030": {
    "extrin": {
      "rotation": [
        [
          0.872888445854187,
          -0.296769380569458,
          0.38729017972946167
        ],
        [
          0.2638597786426544,
          0.954791784286499,
          0.1369330734014511
        ],
        [
          -0.4104190468788147,
          -0.017337001860141754,
          0.9117321968078613
        ]
      ],
      "translation": [
        0.09604291617870331,
        -0.004353780765086412,
        0.011782105080783367
      ]
    },
    "height": 540,
    "intrin": {
      "coeffs": [
        -0.061764560639858246,
        0.14244739711284637,
        0.013701697811484337,
        0.011514557525515556,
        -0.06626497209072113
      ],
      "cx": 480.0,
      "cy": 270.0,
      "fx": 446.0212097167969,
      "fy": 446.0212097167969
    },
    "type": "camera",
    "width": 960
  },
  "panoptic_00_03": {
    "extrin": {
      "rotation": [
        [
          -0.6086873278,
          0.07675843763,
          -0.7896884697
        ],
        [
          0.02835043215,
          -0.992569407,
          -0.1183309992
        ],
        [
          -0.7929035187,
          -0.0944145891,
          0.6019882851
        ]
      ],
      "translation": [
        -0.17483766580000001,
        1.170950552,
        2.9049326339999997
      ]
    },
    "intrin": {
      "coeffs": [
        -0.28687,
        0.180305,
        -9.79588e-05,
        8.91659e-05,
        -0.0446159
      ],
      "fx": 1396.46,
      "fy": 1392.71,
      "cx": 949.692,
      "cy": 565.723
    },
    "width": 1920,
    "height": 1080,
    "type": "camera"
  },
  "panoptic_00_06": {
    "extrin": {
      "rotation": [
        [
          0.9395452426,
          -0.2254201519,
          0.2577605325
        ],
        [
          0.04896102665,
          -0.6565800569,
          -0.752665561
        ],
        [
          0.3389064102,
          0.7197835675,
          -0.6058498668
        ]
      ],
      "translation": [
        -0.07899241259,
        0.8620156461,
        3.7557054749999996
      ]
    },
    "intrin": {
      "coeffs": [
        -0.283627,
        0.174346,
        -0.000171369,
        0.00113904,
        -0.0408114
      ],
      "fx": 1396.52,
      "fy": 1392.76,
      "cx": 950.555,
      "cy": 548.142
    },
    "width": 1920,
    "height": 1080,
    "type": "camera"
  },
  "panoptic_00_12": {
    "extrin": {
      "rotation": [
        [
          -0.996452231,
          0.005240162438,
          0.08399697599
        ],
        [
          -0.04282114989,
          -0.8907794291,
          -0.4524139231
        ],
        [
          0.07245205587,
          -0.4544057101,
          0.8878435393
        ]
      ],
      "translation": [
        0.2314408375,
        0.9640042732,
        3.370042749
      ]
    },
    "intrin": {
      "coeffs": [
        -0.289702,
        0.190666,
        -0.000173313,
        0.000635228,
        -0.0545154
      ],
      "fx": 1395.89,
      "fy": 1392.26,
      "cx": 965.513,
      "cy": 563.395
    },
    "width": 1920,
    "height": 1080,
    "type": "camera"
  },
  "panoptic_00_13": {
    "extrin": {
      "rotation": [
        [
          -0.3026878063,
          -0.7512802513,
          0.5864793909
        ],
        [
          -0.07389814052,
          -0.5949933375,
          -0.8003261793
        ],
        [
          0.9502205832,
          -0.2855887119,
          0.1245790145
        ]
      ],
      "translation": [
        -0.1378629705,
        0.5832974875,
        3.817355695
      ]
    },
    "intrin": {
      "coeffs": [
        -0.230444,
        0.18826,
        7.61987e-05,
        0.000834121,
        0.0175843
      ],
      "fx": 1590.88,
      "fy": 1586.99,
      "cx": 938.94,
      "cy": 561.619
    },
    "width": 1920,
    "height": 1080,
    "type": "camera"
  },
  "panoptic_00_23": {
    "extrin": {
      "rotation": [
        [
          0.5312213594,
          0.1413245148,
          -0.8353629444
        ],
        [
          -0.01375945173,
          -0.984420416,
          -0.1752915344
        ],
        [
          -0.8471213283,
          0.1046127433,
          -0.5210006037
        ]
      ],
      "translation": [
        0.005257884281,
        1.024035335,
        2.957737608
      ]
    },
    "intrin": {
      "coeffs": [
        -0.238394,
        0.185979,
        -0.00019237,
        0.00056832,
        0.0168314
      ],
      "fx": 1572.75,
      "fy": 1567.93,
      "cx": 942.748,
      "cy": 560.347
    },
    "width": 1920,
    "height": 1080,
    "type": "camera"
  },
  "panoptic_scene": {
    "axis": [
      [
        1.0,
        0.0,
        0.0,
        0.0
      ],
      [
        0.0,
        1.0,
        0.0,
        0.0
      ],
      [
        0.0,
        0.0,
        1.0,
        0.0
      ],
      [
        0.0,
        0.0,
        0.0,
        1.0
      ]
    ],
    "type": "scene"
  },
  "scene": {
    "axis": [
      [
        9.721742630004883,
        0.4619296193122864,
        -6.397811412811279,
        0.0
      ],
      [
        3.8646159172058105,
        -9.715171813964844,
        5.16322135925293,
        0.0
      ],
      [
        -5.143313884735107,
        -6.426722526550293,
        -8.265008926391602,
        0.0
      ],
      [
        0.8210265040397644,
        1.9316328763961792,
        1.343312382698059,
        1.0
      ]
    ],
    "type": "scene"
  }
}
