{
  "000000000001": {
    "extrin": {
      "rotation": [
        [
          -0.9996391534805298,
          0.024388043209910393,
          0.01126239076256752
        ],
        [
          0.0127400578930974,
          0.06130756437778473,
          0.9980376362800598
        ],
        [
          0.02364971488714218,
          0.9978209137916565,
          -0.06159614771604538
        ]
      ],
      "translation": [
        0.19287702441215515,
        -1.0991520881652832,
        0.9201815128326416
      ]
    },
    "height": 616,
    "intrin": {
      "coeffs": [
        0.20257984101772308,
        -0.5751043558120728,
        6.907476927153766e-05,
        0.0010631398763507605,
        0.42371997237205505
      ],
      "cx": 402.4206237792969,
      "cy": 337.8851623535156,
      "fx": 653.821533203125,
      "fy": 654.1983642578125
    },
    "type": "camera",
    "width": 820
  },
  "000000000002": {
    "extrin": {
      "rotation": [
        [
          -0.999223530292511,
          0.0299246683716774,
          -0.025629695504903793
        ],
        [
          -0.016205092892050743,
          0.280790776014328,
          0.959632158279419
        ],
        [
          0.03591325506567955,
          0.9593023657798767,
          -0.28008779883384705
        ]
      ],
      "translation": [
        0.22394615411758423,
        -0.8424948453903198,
        1.1837894916534424
      ]
    },
    "height": 616,
    "intrin": {
      "coeffs": [
        0.1693834662437439,
        -0.40943923592567444,
        -0.0015674788737669587,
        -0.0016780088189989328,
        0.25537434220314026
      ],
      "cx": 388.9632568359375,
      "cy": 331.9106750488281,
      "fx": 646.0448608398438,
      "fy": 647.7408447265625
    },
    "type": "camera",
    "width": 820
  },
  "000000000003": {
    "extrin": {
      "rotation": [
        [
          -0.6311339139938354,
          0.4747973084449768,
          -0.6133820414543152
        ],
        [
          -0.47421014308929443,
          0.38960540294647217,
          0.7895140051841736
        ],
        [
          0.6138361096382141,
          0.7891610264778137,
          -0.020739467814564705
        ]
      ],
      "translation": [
        -0.5906244516372681,
        -1.0165547132492065,
        1.2110029458999634
      ]
    },
    "height": 616,
    "intrin": {
      "coeffs": [
        0.14178331196308136,
        -0.2702796757221222,
        -0.0018942076712846756,
        0.0022019422613084316,
        0.09112279862165451
      ],
      "cx": 406.357421875,
      "cy": 312.79888916015625,
      "fx": 648.9049682617188,
      "fy": 649.739501953125
    },
    "type": "camera",
    "width": 820
  },
  "000000000004": {
    "extrin": {
      "rotation": [
        [
          -0.6783232688903809,
          0.3099123537540436,
          -0.6662070751190186
        ],
        [
          -0.4909517467021942,
          0.48341450095176697,
          0.7247598171234131
        ],
        [
          0.5466662049293518,
          0.8186969757080078,
          -0.17575928568840027
        ]
      ],
      "translation": [
        -0.44063258171081543,
        -0.7729931473731995,
        1.3846440315246582
      ]
    },
    "height": 616,
    "intrin": {
      "coeffs": [
        0.17188242077827454,
        -0.43874338269233704,
        -0.0026432534214109182,
        -0.004779359791427851,
        0.31268593668937683
      ],
      "cx": 399.8460693359375,
      "cy": 327.5181579589844,
      "fx": 644.538330078125,
      "fy": 646.9053344726563
    },
    "type": "camera",
    "width": 820
  },
  "000000000005": {
    "extrin": {
      "rotation": [
        [
          0.048558544367551804,
          0.7275071144104004,
          -0.6843796372413635
        ],
        [
          -0.6584874987602234,
          0.53851717710495,
          0.5257313847541809
        ],
        [
          0.7510234713554382,
          0.42512670159339905,
          0.5052039623260498
        ]
      ],
      "translation": [
        -0.6209260821342468,
        -0.6537064909934998,
        0.5110980868339539
      ]
    },
    "height": 616,
    "intrin": {
      "coeffs": [
        0.18206259608268738,
        -0.47508811950683594,
        9.547240915708244e-05,
        -0.0007053260924294591,
        0.3730997145175934
      ],
      "cx": 396.8092041015625,
      "cy": 312.10009765625,
      "fx": 640.21533203125,
      "fy": 640.5875854492188
    },
    "type": "camera",
    "width": 820
  },
  "000000000006": {
    "extrin": {
      "rotation": [
        [
          -0.0008534773951396346,
          0.6103851199150085,
          -0.7921043038368225
        ],
        [
          -0.5984269380569458,
          0.634304404258728,
          0.48943138122558594
        ],
        [
          0.801176905632019,
          0.4744343161582947,
          0.36472955346107483
        ]
      ],
      "translation": [
        -0.6665113568305969,
        -0.5120351314544678,
        0.6972312927246094
      ]
    },
    "height": 616,
    "intrin": {
      "coeffs": [
        0.16228125989437103,
        -0.39954131841659546,
        -0.002292335033416748,
        -0.0025134901516139507,
        0.2853464186191559
      ],
      "cx": 398.55181884765625,
      "cy": 331.6942138671875,
      "fx": 641.0873413085938,
      "fy": 642.5481567382813
    },
    "type": "camera",
    "width": 820
  },
  "000000000007": {
    "extrin": {
      "rotation": [
        [
          0.9188527464866638,
          0.2917723059654236,
          -0.26566630601882935
        ],
        [
          -0.22986312210559845,
          0.9430018663406372,
          0.24064576625823975
        ],
        [
          0.3207376003265381,
          -0.1600511223077774,
          0.9335475564002991
        ]
      ],
      "translation": [
        -0.5839295387268066,
        -0.20037926733493805,
        0.06242566555738449
      ]
    },
    "height": 616,
    "intrin": {
      "coeffs": [
        0.208038330078125,
        -0.6604138016700745,
        -0.0015509116929024458,
        -0.007377846632152796,
        0.5947498083114624
      ],
      "cx": 391.98944091796875,
      "cy": 317.53253173828125,
      "fx": 647.4251708984375,
      "fy": 648.236083984375
    },
    "type": "camera",
    "width": 820
  },
  "000000000008": {
    "extrin": {
      "rotation": [
        [
          0.9156515598297119,
          0.15993307530879974,
          -0.36878666281700134
        ],
        [
          -0.13740858435630798,
          0.9867091178894043,
          0.08674131333827972
        ],
        [
          0.3777579367160797,
          -0.028750373050570488,
          0.9254578948020935
        ]
      ],
      "translation": [
        -0.6373847126960754,
        -0.05821125581860542,
        0.15623649954795837
      ]
    },
    "height": 616,
    "intrin": {
      "coeffs": [
        0.14541961252689362,
        -0.32887160778045654,
        -0.004092517774552107,
        0.0019669400062412024,
        0.16073299944400787
      ],
      "cx": 391.57525634765625,
      "cy": 325.9835510253906,
      "fx": 647.1376953125,
      "fy": 648.2369995117188
    },
    "type": "camera",
    "width": 820
  },
  "000000000009": {
    "extrin": {
      "rotation": [
        [
          0.9997065663337708,
          -0.019583001732826233,
          0.014259408228099346
        ],
        [
          0.017870796844363213,
          0.9935882687568665,
          0.11163778603076935
        ],
        [
          -0.016354182735085487,
          -0.11135020107030869,
          0.9936466813087463
        ]
      ],
      "translation": [
        -0.0696864202618599,
        -0.023641034960746765,
        -0.03303251415491104
      ]
    },
    "height": 616,
    "intrin": {
      "coeffs": [
        0.1363624483346939,
        -0.26919811964035034,
        9.48910674196668e-05,
        -0.0013169763842597604,
        0.11670687794685364
      ],
      "cx": 399.551513671875,
      "cy": 330.9498596191406,
      "fx": 642.3848266601563,
      "fy": 643.6741333007813
    },
    "type": "camera",
    "width": 820
  },
  "000000000010": {
    "extrin": {
      "rotation": [
        [
          0.999991238117218,
          -0.002326911548152566,
          0.0034769789781421423
        ],
        [
          0.0023079600650817156,
          0.9999825358390808,
          0.00544469291344285
        ],
        [
          -0.0034895874559879303,
          -0.005436620209366083,
          0.9999791383743286
        ]
      ],
      "translation": [
        0.0042479438707232475,
        0.005927328485995531,
        0.0012441397411748767
      ]
    },
    "height": 616,
    "intrin": {
      "coeffs": [
        0.18512213230133057,
        -0.4751373529434204,
        0.002602457068860531,
        -0.0012264336692169309,
        0.30422067642211914
      ],
      "cx": 390.97393798828125,
      "cy": 339.7436218261719,
      "fx": 658.69580078125,
      "fy": 661.5107421875
    },
    "type": "camera",
    "width": 820
  },
  "000000000011": {
    "extrin": {
      "rotation": [
        [
          0.6285822987556458,
          -0.41599756479263306,
          0.6571379899978638
        ],
        [
          0.4541654586791992,
          0.882236659526825,
          0.12406517565250397
        ],
        [
          -0.6313620209693909,
          0.22046419978141785,
          0.7434900999069214
        ]
      ],
      "translation": [
        0.4402815103530884,
        -0.32429200410842896,
        0.38571956753730774
      ]
    },
    "height": 616,
    "intrin": {
      "coeffs": [
        0.16429674625396729,
        -0.3962409496307373,
        0.005355618428438902,
        0.0005728154210373759,
        0.3022362291812897
      ],
      "cx": 402.1271057128906,
      "cy": 335.13177490234375,
      "fx": 648.5355224609375,
      "fy": 649.71337890625
    },
    "type": "camera",
    "width": 820
  },
  "000000000012": {
    "extrin": {
      "rotation": [
        [
          0.6554505228996277,
          -0.4631528854370117,
          0.596551775932312
        ],
        [
          0.47599318623542786,
          0.866593599319458,
          0.14981994032859802
        ],
        [
          -0.5863575339317322,
          0.18575504422187805,
          0.7884668111801147
        ]
      ],
      "translation": [
        0.4043569564819336,
        -0.31543973088264465,
        0.3602178394794464
      ]
    },
    "height": 616,
    "intrin": {
      "coeffs": [
        0.17421486973762512,
        -0.44105932116508484,
        0.004889069125056267,
        0.0017430945299565792,
        0.3039420247077942
      ],
      "cx": 397.8890686035156,
      "cy": 345.4706115722656,
      "fx": 659.5195922851563,
      "fy": 660.8616333007813
    },
    "type": "camera",
    "width": 820
  },
  "000000000013": {
    "extrin": {
      "rotation": [
        [
          -0.17194633185863495,
          -0.6738994717597961,
          0.7185359597206116
        ],
        [
          0.6265124678611755,
          0.48807016015052795,
          0.6076756119728088
        ],
        [
          -0.760208249092102,
          0.554659366607666,
          0.33828455209732056
        ]
      ],
      "translation": [
        0.7862791419029236,
        -0.38465437293052673,
        0.3014850914478302
      ]
    },
    "height": 616,
    "intrin": {
      "coeffs": [
        0.1903543323278427,
        -0.49625733494758606,
        0.0009519673767499626,
        -0.0016694116638973355,
        0.416597455739975
      ],
      "cx": 405.4352111816406,
      "cy": 319.9548645019531,
      "fx": 644.9940795898438,
      "fy": 645.7637939453125
    },
    "type": "camera",
    "width": 820
  },
  "000000000014": {
    "extrin": {
      "rotation": [
        [
          -0.13825513422489166,
          -0.6464892625808716,
          0.7502914071083069
        ],
        [
          0.6026465892791748,
          0.5462611317634583,
          0.5817351937294006
        ],
        [
          -0.7859405875205994,
          0.5325884222984314,
          0.3140811324119568
        ]
      ],
      "translation": [
        0.8792265057563782,
        -0.3028871715068817,
        0.35183006525039673
      ]
    },
    "height": 616,
    "intrin": {
      "coeffs": [
        0.19910621643066406,
        -0.543406069278717,
        -0.00015418264956679195,
        -0.002364960964769125,
        0.4245900809764862
      ],
      "cx": 409.4094543457031,
      "cy": 310.4851379394531,
      "fx": 660.5630493164063,
      "fy": 661.4932861328125
    },
    "type": "camera",
    "width": 820
  },
  "000000000015": {
    "extrin": {
      "rotation": [
        [
          -0.7792760133743286,
          -0.3834109306335449,
          0.4957065284252167
        ],
        [
          0.45126837491989136,
          0.2055405080318451,
          0.8683950304985046
        ],
        [
          -0.4348399341106415,
          0.9004160761833191,
          0.012848450802266598
        ]
      ],
      "translation": [
        0.5699325203895569,
        -0.930914044380188,
        0.8754222989082336
      ]
    },
    "height": 616,
    "intrin": {
      "coeffs": [
        0.15717649459838867,
        -0.3037201464176178,
        0.0023511156905442476,
        0.003712181467562914,
        0.1208367645740509
      ],
      "cx": 420.69500732421875,
      "cy": 325.94317626953125,
      "fx": 650.6017456054688,
      "fy": 652.6280517578125
    },
    "type": "camera",
    "width": 820
  },
  "000000000016": {
    "extrin": {
      "rotation": [
        [
          -0.8289642333984375,
          -0.40233972668647766,
          0.3885112702846527
        ],
        [
          0.352013498544693,
          0.16448509693145752,
          0.9214288592338562
        ],
        [
          -0.43463173508644104,
          0.9005928039550781,
          0.005276754964143038
        ]
      ],
      "translation": [
        0.5375608801841736,
        -0.9438947439193726,
        0.919035017490387
      ]
    },
    "height": 616,
    "intrin": {
      "coeffs": [
        0.1267695128917694,
        -0.07346633821725845,
        0.004720994271337986,
        0.006455632392317057,
        -0.2658348083496094
      ],
      "cx": 423.0003356933594,
      "cy": 320.80194091796875,
      "fx": 647.0347290039063,
      "fy": 648.560791015625
    },
    "type": "camera",
    "width": 820
  },
  "000000000017": {
    "extrin": {
      "rotation": [
        [
          -0.9996165633201599,
          0.015130524523556232,
          -0.02318958006799221
        ],
        [
          -0.017303302884101868,
          0.3124816417694092,
          0.949766218662262
        ],
        [
          0.021616779267787933,
          0.9498032927513123,
          -0.31210002303123474
        ]
      ],
      "translation": [
        0.21166302263736725,
        -1.092026948928833,
        0.976320743560791
      ]
    },
    "height": 616,
    "intrin": {
      "coeffs": [
        0.19234433770179749,
        -0.4931136667728424,
        0.0006891703233122826,
        0.0040695504285395145,
        0.24080562591552734
      ],
      "cx": 399.27001953125,
      "cy": 318.01806640625,
      "fx": 663.32763671875,
      "fy": 664.7564086914063
    },
    "type": "camera",
    "width": 820
  },
  "000000000018": {
    "extrin": {
      "rotation": [
        [
          -0.050065282732248306,
          0.6925355195999146,
          -0.7196443676948547
        ],
        [
          -0.638922393321991,
          0.5316078066825867,
          0.5560317635536194
        ],
        [
          0.7676403522491455,
          0.4876347780227661,
          0.4158613383769989
        ]
      ],
      "translation": [
        -0.5643430948257446,
        -0.90159010887146,
        0.3299352824687958
      ]
    },
    "height": 616,
    "intrin": {
      "coeffs": [
        0.21950240433216095,
        -0.6853883862495422,
        0.0004433622816577554,
        0.0040610660798847675,
        0.5965358018875122
      ],
      "cx": 403.1676330566406,
      "cy": 322.5823059082031,
      "fx": 647.1302490234375,
      "fy": 648.3656616210938
    },
    "type": "camera",
    "width": 820
  },
  "000000000019": {
    "extrin": {
      "rotation": [
        [
          0.9997281432151794,
          -0.022019509226083755,
          -0.007669578306376934
        ],
        [
          0.021408159285783768,
          0.9971533417701721,
          -0.07229731231927872
        ],
        [
          0.009239696897566319,
          0.07211346924304962,
          0.9973536133766174
        ]
      ],
      "translation": [
        -0.04511599242687225,
        -0.2926269471645355,
        -0.23782087862491608
      ]
    },
    "height": 616,
    "intrin": {
      "coeffs": [
        0.14627234637737274,
        -0.33668240904808044,
        0.0010566669516265392,
        -0.0056052058935165405,
        0.19707784056663513
      ],
      "cx": 382.5611267089844,
      "cy": 343.5330505371094,
      "fx": 654.2758178710938,
      "fy": 655.3392944335938
    },
    "type": "camera",
    "width": 820
  },
  "000000000020": {
    "extrin": {
      "rotation": [
        [
          0.008759400807321072,
          -0.6291152238845825,
          0.7772627472877502
        ],
        [
          0.6522378325462341,
          0.5927767157554626,
          0.4724421203136444
        ],
        [
          -0.7579637765884399,
          0.5028218626976013,
          0.4155251085758209
        ]
      ],
      "translation": [
        0.9057480096817017,
        -0.5126323103904724,
        0.004100183490663767
      ]
    },
    "height": 616,
    "intrin": {
      "coeffs": [
        0.22143743932247162,
        -0.6215764284133911,
        0.003906736150383949,
        -0.006898748688399792,
        0.5965766310691833
      ],
      "cx": 401.01031494140625,
      "cy": 329.6612548828125,
      "fx": 657.400634765625,
      "fy": 657.7875366210938
    },
    "type": "camera",
    "width": 820
  },
  "000000000021": {
    "extrin": {
      "rotation": [
        [
          1.0,
          0.0,
          0.0
        ],
        [
          0.0,
          1.0,
          0.0
        ],
        [
          0.0,
          0.0,
          1.0
        ]
      ],
      "translation": [
        0.0,
        0.0,
        0.0
      ]
    },
    "height": 616,
    "intrin": {
      "coeffs": [
        0.15032020211219788,
        -0.35775241255760193,
        0.0023708415683358908,
        -0.0014668145449832082,
        0.11278163641691208
      ],
      "cx": 410.1604309082031,
      "cy": 326.38946533203125,
      "fx": 640.9530639648438,
      "fy": 641.0286865234375
    },
    "type": "camera",
    "width": 820
  },
  "000000000022": {
    "extrin": {
      "rotation": [
        [
          1.0,
          0.0,
          0.0
        ],
        [
          0.0,
          1.0,
          0.0
        ],
        [
          0.0,
          0.0,
          1.0
        ]
      ],
      "translation": [
        0.0,
        0.0,
        0.0
      ]
    },
    "height": 616,
    "intrin": {
      "coeffs": [
        0.15866923332214355,
        -0.3995974659919739,
        0.0039028578903526068,
        -0.0010652486234903336,
        0.15066897869110107
      ],
      "cx": 416.9867858886719,
      "cy": 314.8675231933594,
      "fx": 647.7249145507813,
      "fy": 645.2013549804688
    },
    "type": "camera",
    "width": 820
  },
  "000000000023": {
    "extrin": {
      "rotation": [
        [
          1.0,
          0.0,
          0.0
        ],
        [
          0.0,
          1.0,
          0.0
        ],
        [
          0.0,
          0.0,
          1.0
        ]
      ],
      "translation": [
        0.0,
        0.0,
        0.0
      ]
    },
    "height": 616,
    "intrin": {
      "coeffs": [
        0.1322845220565796,
        -0.2277374118566513,
        0.00473802350461483,
        -0.002584743080660701,
        -0.17466115951538086
      ],
      "cx": 418.9896545410156,
      "cy": 315.22540283203125,
      "fx": 640.5310668945313,
      "fy": 639.8387451171875
    },
    "type": "camera",
    "width": 820
  },
  "000000000024": {
    "extrin": {
      "rotation": [
        [
          1.0,
          0.0,
          0.0
        ],
        [
          0.0,
          1.0,
          0.0
        ],
        [
          0.0,
          0.0,
          1.0
        ]
      ],
      "translation": [
        0.0,
        0.0,
        0.0
      ]
    },
    "height": 616,
    "intrin": {
      "coeffs": [
        0.13780561089515686,
        -0.25770556926727295,
        0.003774084849283099,
        -0.0013947132974863052,
        -0.033371180295944214
      ],
      "cx": 408.0816955566406,
      "cy": 325.7647705078125,
      "fx": 640.461181640625,
      "fy": 639.5183715820313
    },
    "type": "camera",
    "width": 820
  },
  "000000000026": {
    "extrin": {
      "rotation": [
        [
          0.9508596658706665,
          -0.2255215346813202,
          -0.2121461033821106
        ],
        [
          0.23180994391441345,
          0.9727486968040466,
          0.004916219972074032
        ],
        [
          0.2052561342716217,
          -0.05385221540927887,
          0.9772256016731262
        ]
      ],
      "translation": [
        -0.226368710398674,
        0.028307892382144928,
        0.16474393010139465
      ]
    },
    "height": 540,
    "intrin": {
      "coeffs": [
        -0.14221873879432678,
        1.0094693899154663,
        -0.0012572702253237367,
        0.008576690219342709,
        -2.106952428817749
      ],
      "cx": 504.7319030761719,
      "cy": 263.7550354003906,
      "fx": 793.744140625,
      "fy": 787.422119140625
    },
    "type": "camera",
    "width": 960
  },
  "000000000027": {
    "extrin": {
      "rotation": [
        [
          0.5313460230827332,
          0.34252333641052246,
          -0.7748219966888428
        ],
        [
          -0.43979185819625854,
          0.8932424783706665,
          0.0932791605591774
        ],
        [
          0.724054217338562,
          0.29119688272476196,
          0.6252598166465759
        ]
      ],
      "translation": [
        -0.5725438594818115,
        -0.2575833201408386,
        0.30733758211135864
      ]
    },
    "height": 540,
    "intrin": {
      "coeffs": [
        -0.15237566828727722,
        1.0472030639648438,
        0.005246711429208517,
        0.0034127335529774427,
        -1.873095989227295
      ],
      "cx": 498.3016357421875,
      "cy": 259.1471252441406,
      "fx": 715.440185546875,
      "fy": 708.8905029296875
    },
    "type": "camera",
    "width": 960
  },
  "000000000028": {
    "extrin": {
      "rotation": [
        [
          -0.8339126706123352,
          0.04300064966082573,
          -0.5502186417579651
        ],
        [
          -0.49395987391471863,
          0.3865114450454712,
          0.7788533568382263
        ],
        [
          0.24615700542926788,
          0.921281635761261,
          -0.301076203584671
        ]
      ],
      "translation": [
        -0.1493496596813202,
        -0.745957612991333,
        0.8350726962089539
      ]
    },
    "height": 540,
    "intrin": {
      "coeffs": [
        -0.09842639416456223,
        0.24706274271011353,
        0.0009050415828824043,
        0.001972883939743042,
        -0.23285986483097076
      ],
      "cx": 488.33990478515625,
      "cy": 232.52220153808594,
      "fx": 542.6112670898438,
      "fy": 537.09375
    },
    "type": "camera",
    "width": 960
  },
  "000000000029": {
    "extrin": {
      "rotation": [
        [
          -0.45798245072364807,
          -0.7109176516532898,
          0.5337116718292236
        ],
        [
          0.3779146671295166,
          0.38772064447402954,
          0.8407456278800964
        ],
        [
          -0.8046319484710693,
          0.5867441892623901,
          0.09109696000814438
        ]
      ],
      "translation": [
        0.7584272027015686,
        -0.42775675654411316,
        0.3089127242565155
      ]
    },
    "height": 540,
    "intrin": {
      "coeffs": [
        -0.04187219962477684,
        0.09926971048116684,
        0.0011598089477047324,
        0.004222142044454813,
        -0.0661701038479805
      ],
      "cx": 471.4083251953125,
      "cy": 263.51898193359375,
      "fx": 402.7452087402344,
      "fy": 399.8664245605469
    },
    "type": "camera",
    "width": 960
  },
  "000000000030": {
    "extrin": {
      "rotation": [
        [
          0.8554099798202515,
          -0.4824318289756775,
          0.18850265443325043
        ],
        [
          0.46300381422042847,
          0.8753559589385986,
          0.13921017944812775
        ],
        [
          -0.2321663349866867,
          -0.03180432692170143,
          0.9721559882164001
        ]
      ],
      "translation": [
        0.272342711687088,
        -0.00018375364015810192,
        -0.3540164828300476
      ]
    },
    "height": 540,
    "intrin": {
      "coeffs": [
        -0.054563917219638824,
        0.08959094434976578,
        0.00024590108660049736,
        0.0026242544408887625,
        -0.049052391201257706
      ],
      "cx": 477.46649169921875,
      "cy": 257.1036071777344,
      "fx": 391.2332763671875,
      "fy": 388.98193359375
    },
    "type": "camera",
    "width": 960
  },
  "scene": {
    "axis": [
      [
        -1.680573582649231,
        0.0017828858690336347,
        0.020947247743606567,
        0.0
      ],
      [
        -0.020635657012462616,
        -1.3267329931259155,
        -1.0319015979766846,
        0.0
      ],
      [
        0.023626193404197693,
        -1.0319790840148926,
        1.326669454574585,
        0.0
      ],
      [
        0.4167565405368805,
        2.181649684906006,
        -1.1915568113327026,
        1.0
      ]
    ],
    "type": "scene"
  }
}